
A =

    3.0000    2.0000   -1.0000
    2.0000   -2.0000    4.0000
   -1.0000    0.5000   -1.0000


B =

     1
    -2
     0

Rank of A is 3 and Rank of agumented A is 3
The system has unique solution
Forward elimination :
R2 <-- R2 - 0.6667 * R1
R3 <-- R3 - -0.3333 * R1

A =

    3.0000    2.0000   -1.0000
         0   -3.3330    4.6670
         0    1.1670   -1.3330


B =

    1.0000
   -2.6670
    0.3333

R3 <-- R3 - -0.3501 * R2

A =

    3.0000    2.0000   -1.0000
         0   -3.3330    4.6670
         0    0.0000    0.3011


B =

    1.0000
   -2.6670
   -0.6005

Backward substitution : 

x =

         0
         0
   -1.9940


x =

         0
   -1.9920
   -1.9940


x =

    0.9967
   -1.9920
   -1.9940

